1.497404138233413562e-01 1.946416742601897454e-02 1.170065680366292327e-01
2.939829457614401065e+00 1.986791729730086331e-02 1.329064488124345189e-01
5.781558073384015728e+00 1.386477017934595324e-02 1.073206553875394320e-01
8.533416394763161605e+00 2.970791009747131284e-02 9.602264216468370250e-02
1.133640177580277708e+01 3.890677344978854535e-02 6.642933182057220165e-02
1.412579055270952111e+01 3.639691263353483919e-02 8.588481853580276493e-02
1.691654526102998446e+01 3.704980977810734544e-02 5.356581538516991259e-02
1.970313107121899776e+01 5.130648130144876973e-02 7.651422297621479629e-02
1.528032963008918443e-01 2.831960362671750886e+00 1.562083527537936334e-01
2.969628143515546270e+00 2.848287999534040438e+00 1.145046813354468895e-01
5.776680488834898597e+00 2.841444532827864577e+00 6.503222110615070051e-02
8.543249066886765775e+00 2.830908387783775737e+00 1.103701913507393328e-04
1.135050517273446502e+01 2.837243493972785302e+00 1.410867140069171910e-02
1.413352507128329805e+01 2.855643470671779482e+00 6.992303462482141185e-03
1.692285621238731252e+01 2.838284918593732442e+00 -2.978525145540800168e-02
1.971262966889210588e+01 2.825656692129719261e+00 3.348361742880001657e-03
1.622754510695259000e-01 5.632542215610492065e+00 1.311984484254367089e-01
2.978227610899349287e+00 5.610926770846184297e+00 9.426810431926924139e-02
5.788939458467041277e+00 5.627525887186713760e+00 4.692384647032099565e-02
8.546500663516823693e+00 5.615295050689052658e+00 1.693634296016455210e-02
1.136376173959978786e+01 5.610441263242712751e+00 1.567343518254915580e-02
1.415314631555424540e+01 5.611982224910814665e+00 -6.852148226954568599e-02
1.693171853442951047e+01 5.611025035576620468e+00 -9.881946585933576443e-02
1.971355408406627063e+01 5.601683739767402415e+00 -8.027660092405142223e-02
1.767526632226896766e-01 8.466413133362326704e+00 2.094154459472292729e-01
2.970280413384060125e+00 8.466378450087308494e+00 1.505098854987636514e-01
5.781634505943369362e+00 8.451609619476002422e+00 1.073897659607183641e-01
8.537493723234447884e+00 8.451623645651270778e+00 3.770887600464334355e-02
1.134994878282067532e+01 8.423205083231849244e+00 3.810308176397825264e-02
1.415293757997254076e+01 8.437737680179434818e+00 7.680303798423437911e-03
1.694591537880709708e+01 8.428789007775574049e+00 -4.267331098542115342e-02
1.973082716789675572e+01 8.419140954227437135e+00 -4.770331912816061504e-02
1.572674523077566278e-01 1.130810714078809909e+01 3.623485978431801868e-01
2.958551495798424469e+00 1.128033844472322755e+01 3.419653041882924072e-01
5.766008635869273036e+00 1.128125323163407145e+01 2.580279978482877823e-01
8.539446178916790586e+00 1.128925964075096999e+01 1.798646135027013315e-01
1.135247138285336987e+01 1.124982630453420285e+01 2.006572544626976651e-01
1.414101644333339181e+01 1.125452030543732462e+01 1.204488186270396000e-01
1.694426687442773272e+01 1.124341777187975921e+01 5.096862894333753502e-02
1.971465949228609205e+01 1.122556884448870562e+01 3.872491465882887951e-02
