# camera pts | cnc pts [w = -2.0398, probe 1316, B = 0.0]
# mx, my, mz | cx, cy, cz
22.228, 17.196, -32.175, -176.296, 1.222, -2.020
37.261, 17.283, -32.188, -161.313, 1.222, -2.020
7.121, 17.287, -32.108, -191.294, 1.222, -2.020
7.133, 37.269, -32.287, -191.295, 1.222, 17.980
37.236, 37.320, -32.453, -161.295, 1.222, 17.980
37.295, 37.370, -2.677, -161.295, 31.222, 17.980
7.177, 37.360, -2.640, -191.295, 31.222, 17.980
7.180, 22.312, -2.485, -191.295, 31.222, 2.980
37.318, 22.362, -2.505, -161.295, 31.222, 2.980
