701.58, 788.48, 749.90, 772.03
720.05, 789.36, 767.17, 771.59
737.92, 788.75, 784.54, 773.17
756.81, 788.75, 802.26, 774.41
775.78, 789.27, 819.84, 774.96
793.42, 787.56, 837.27, 776.83
812.76, 788.13, 854.33, 772.80
828.43, 783.55, 871.02, 774.08
848.04, 786.02, 890.16, 776.28
703.23, 805.97, 747.21, 791.06
721.39, 805.32, 765.16, 790.23
739.58, 804.15, 783.12, 790.01
757.21, 803.52, 800.40, 790.94
776.65, 803.52, 818.51, 790.58
794.73, 802.78, 835.25, 790.20
812.97, 801.56, 855.14, 790.88
831.18, 801.84, 871.05, 791.21
849.06, 801.47, 888.41, 791.72
704.45, 822.33, 745.58, 806.81
722.02, 822.45, 762.91, 806.86
740.18, 822.45, 780.81, 806.29
758.37, 821.00, 797.00, 806.83
777.79, 821.68, 815.35, 807.26
796.63, 820.90, 833.43, 807.62
815.15, 820.02, 851.34, 808.25
832.60, 819.23, 869.56, 807.04
850.56, 819.28, 886.99, 807.82
705.72, 838.40, 743.21, 823.11
724.68, 837.88, 761.24, 823.49
743.32, 837.54, 778.75, 823.27
760.61, 837.63, 796.42, 823.27
779.50, 837.19, 814.05, 823.90
798.83, 837.19, 831.29, 824.20
816.82, 836.59, 848.56, 823.67
834.43, 835.98, 866.68, 823.89
852.09, 834.72, 884.28, 825.01
707.82, 856.52, 741.67, 839.12
726.30, 855.69, 759.01, 839.16
744.00, 853.95, 776.10, 839.40
762.25, 854.22, 793.58, 840.02
781.18, 854.09, 812.36, 840.24
799.96, 852.84, 830.11, 840.17
817.62, 852.84, 847.95, 840.14
835.74, 852.37, 865.19, 839.85
854.41, 852.37, 882.94, 840.81
