r, 701.58, 788.48, 749.90, 772.03, 17.45, 40.27, 3.73, 30.00, -0.15, 
r, 720.05, 789.36, 767.17, 771.59, 18.47, 40.28, 3.67, 30.00, -0.15, 
r, 737.92, 788.75, 784.54, 773.17, 19.46, 40.33, 3.68, 30.00, -0.15, 
r, 756.81, 788.75, 802.26, 774.41, 20.50, 40.36, 3.61, 30.00, -0.15, 
r, 775.78, 789.27, 819.84, 774.96, 21.54, 40.37, 3.51, 30.00, -0.15, 
r, 793.42, 787.56, 837.27, 776.83, 22.53, 40.40, 3.54, 30.00, -0.15, 
r, 812.76, 788.13, 854.33, 772.80, 23.56, 40.25, 3.34, 30.00, -0.15, 
r, 828.43, 783.55, 871.02, 774.08, 24.48, 40.23, 3.53, 30.00, -0.15, 
r, 848.04, 786.02, 890.16, 776.28, 25.57, 40.37, 3.49, 30.00, -0.15, 
r, 703.23, 805.97, 747.21, 791.06, 17.43, 41.10, 2.99, 30.00, -0.15, 
r, 721.39, 805.32, 765.16, 790.23, 18.45, 41.10, 3.06, 30.00, -0.15, 
r, 739.58, 804.15, 783.12, 790.01, 19.47, 41.09, 3.12, 30.00, -0.15, 
r, 757.21, 803.52, 800.40, 790.94, 20.45, 41.12, 3.15, 30.00, -0.15, 
r, 776.65, 803.52, 818.51, 790.58, 21.52, 41.10, 3.07, 30.00, -0.15, 
r, 794.73, 802.78, 835.25, 790.20, 22.50, 41.05, 2.97, 30.00, -0.15, 
r, 812.97, 801.56, 855.14, 790.88, 23.58, 41.13, 3.23, 30.00, -0.15, 
r, 831.18, 801.84, 871.05, 791.21, 24.54, 41.09, 3.00, 30.00, -0.15, 
r, 849.06, 801.47, 888.41, 791.72, 25.54, 41.10, 2.97, 30.00, -0.15, 
r, 704.45, 822.33, 745.58, 806.81, 17.42, 41.87, 2.46, 30.00, -0.15, 
r, 722.02, 822.45, 762.91, 806.86, 18.40, 41.90, 2.52, 30.00, -0.15, 
r, 740.18, 822.45, 780.81, 806.29, 19.42, 41.92, 2.57, 30.00, -0.15, 
r, 758.37, 821.00, 797.00, 806.83, 20.39, 41.85, 2.40, 30.00, -0.15, 
r, 777.79, 821.68, 815.35, 807.26, 21.46, 41.88, 2.34, 30.00, -0.15, 
r, 796.63, 820.90, 833.43, 807.62, 22.50, 41.87, 2.32, 30.00, -0.15, 
r, 815.15, 820.02, 851.34, 808.25, 23.53, 41.88, 2.30, 30.00, -0.15, 
r, 832.60, 819.23, 869.56, 807.04, 24.53, 41.88, 2.45, 30.00, -0.15, 
r, 850.56, 819.28, 886.99, 807.82, 25.53, 41.91, 2.43, 30.00, -0.15, 
r, 705.72, 838.40, 743.21, 823.11, 17.39, 42.61, 1.83, 30.00, -0.15, 
r, 724.68, 837.88, 761.24, 823.49, 18.43, 42.61, 1.81, 30.00, -0.15, 
r, 743.32, 837.54, 778.75, 823.27, 19.45, 42.59, 1.76, 30.00, -0.15, 
r, 760.61, 837.63, 796.42, 823.27, 20.43, 42.64, 1.88, 30.00, -0.15, 
r, 779.50, 837.19, 814.05, 823.90, 21.47, 42.64, 1.79, 30.00, -0.15, 
r, 798.83, 837.19, 831.29, 824.20, 22.50, 42.60, 1.61, 30.00, -0.15, 
r, 816.82, 836.59, 848.56, 823.67, 23.49, 42.58, 1.58, 30.00, -0.15, 
r, 834.43, 835.98, 866.68, 823.89, 24.50, 42.61, 1.69, 30.00, -0.15, 
r, 852.09, 834.72, 884.28, 825.01, 25.49, 42.64, 1.73, 30.00, -0.15, 
r, 707.82, 856.52, 741.67, 839.12, 17.41, 43.39, 1.20, 30.00, -0.15, 
r, 726.30, 855.69, 759.01, 839.16, 18.42, 43.37, 1.15, 30.00, -0.15, 
r, 744.00, 853.95, 776.10, 839.40, 19.40, 43.35, 1.17, 30.00, -0.15, 
r, 762.25, 854.22, 793.58, 840.02, 20.40, 43.38, 1.14, 30.00, -0.15, 
r, 781.18, 854.09, 812.36, 840.24, 21.46, 43.41, 1.20, 30.00, -0.15, 
r, 799.96, 852.84, 830.11, 840.17, 22.49, 43.37, 1.15, 30.00, -0.15, 
r, 817.62, 852.84, 847.95, 840.14, 23.49, 43.41, 1.22, 30.00, -0.15, 
r, 835.74, 852.37, 865.19, 839.85, 24.48, 43.38, 1.17, 30.00, -0.15, 
r, 854.41, 852.37, 882.94, 840.81, 25.51, 43.40, 1.10, 30.00, -0.15,