6.643636219133007899e+02 7.113056010497263060e+02 5.792185752368469593e+02 7.404976172922953310e+02
6.815091071757169630e+02 7.100355651043622629e+02 5.971300095695195296e+02 7.404976172922953310e+02
6.986545924381333634e+02 7.094005471316802414e+02 6.139219792564000500e+02 7.423633917019488990e+02
7.151650597278678561e+02 7.087655291589981061e+02 6.299676391794190522e+02 7.434828563477409489e+02
7.323105449902842565e+02 7.068604752409517005e+02 6.475059186301609770e+02 7.446023209935329987e+02
7.500910482253824512e+02 7.062254572682696789e+02 6.654173529628330925e+02 7.457217856393252760e+02
7.672365334877989653e+02 7.049554213229056359e+02 6.829556324135750174e+02 7.464680954031866804e+02
7.831119828048513227e+02 7.049554213229056359e+02 6.997476021004551967e+02 7.475875600489787303e+02
8.008924860399498584e+02 7.030503674048593439e+02 7.172858815511968942e+02 7.483338698128400210e+02
6.673191985944970384e+02 7.269483343544200125e+02 5.753788406340303254e+02 7.541607902264615859e+02
6.846614309673520893e+02 7.257096034706446517e+02 5.924533667118555513e+02 7.555087791273424500e+02
7.026230287820948206e+02 7.257096034706446517e+02 6.095278927896811183e+02 7.559581087609694805e+02
7.187265302711745107e+02 7.244708725868692909e+02 6.266024188675063442e+02 7.573060976618504583e+02
7.360687626440295617e+02 7.232321417030939301e+02 6.436769449453317975e+02 7.582047569291044056e+02
7.534109950168846126e+02 7.219934108193185693e+02 6.616501302904111981e+02 7.591034161963583529e+02
7.719919582735150243e+02 7.207546799355432086e+02 6.800726452691171744e+02 7.609007347308663611e+02
7.880954597625947144e+02 7.195159490517678478e+02 6.962485120796885667e+02 7.622487236317473389e+02
8.048183266935620850e+02 7.188965836098801674e+02 7.133230381575140200e+02 7.626980532653743694e+02
6.709929094285417932e+02 7.413573876885989193e+02 5.713050958544287141e+02 7.708272248380194469e+02
6.887863629201697222e+02 7.403688624946196342e+02 5.879366085661889656e+02 7.718666943825044200e+02
7.050970286208289508e+02 7.398745998976299916e+02 6.056075908224343038e+02 7.723864291547470202e+02
7.223962195154672372e+02 7.383918121066609501e+02 6.222391035341948964e+02 7.739456334714744798e+02
7.396954104101055236e+02 7.374032869126815513e+02 6.383508814737128887e+02 7.749851030159594529e+02
7.574888639017340211e+02 7.364147617187022661e+02 6.565415985022008272e+02 7.765443073326869126e+02
7.747880547963721938e+02 7.349319739277331109e+02 6.742125807584463928e+02 7.775837768771718856e+02
7.915929830940211787e+02 7.334491861367640695e+02 6.918835630146915037e+02 7.781035116494144859e+02
8.083979113916698225e+02 7.334491861367640695e+02 7.090581431243540464e+02 7.793302673715331821e+02
6.744718237045819933e+02 7.567002430268836406e+02 5.659853376229571040e+02 7.845423662510086160e+02
6.916531384894580015e+02 7.562229842828593291e+02 5.844189322453275963e+02 7.859248858476863688e+02
7.093117120183584348e+02 7.547912080507863948e+02 6.005483275399019476e+02 7.882290851754826235e+02
7.260157680592100178e+02 7.538366905627377719e+02 6.180602424311539380e+02 7.886899250410418745e+02
7.441516003321347625e+02 7.533594318187134604e+02 6.346504775912874265e+02 7.896116047721603763e+02
7.613329151170105433e+02 7.528821730746890353e+02 6.526232323480985542e+02 7.905332845032788782e+02
7.789914886459107493e+02 7.514503968426161009e+02 6.696743073737914074e+02 7.919158040999566310e+02
7.961728034307863027e+02 7.495413618665187414e+02 6.876470621306023077e+02 7.928374838310751329e+02
8.128768594716382268e+02 7.495413618665188551e+02 7.042372972907353414e+02 7.932983236966343839e+02
6.782734747783066496e+02 7.714952640916388873e+02 5.618531604841635954e+02 8.007922256338229090e+02
6.957853896695582989e+02 7.710344242260796364e+02 5.791059528595030770e+02 8.017002673377880910e+02
7.128364646952509247e+02 7.696519046294018835e+02 5.963587452348428997e+02 8.035163507457185688e+02
7.298875397209434368e+02 7.691910647638426326e+02 6.136115376101829497e+02 8.048784133016662281e+02
7.483211343433137017e+02 7.673477053016056288e+02 6.304103091335400677e+02 8.053324341536488191e+02
7.653722093690062138e+02 7.664260255704871270e+02 6.494791849168102544e+02 8.062404758576138875e+02
7.824232843946989533e+02 7.655043458393686251e+02 6.662779564401671450e+02 8.071485175615791832e+02
7.999351992859508300e+02 7.645826661082501232e+02 6.830767279635240357e+02 8.085105801175271836e+02
8.169862743116434558e+02 7.632001465115723704e+02 6.998754994868810400e+02 8.094186218214923656e+02
