#lx,ly,rx,x,y,z,b,w
757.77, 644.32, 733.30, 644.97, 16.76, 30.70, -3.17, 37.00, -3.14
811.41, 603.09, 781.24, 606.00, 19.60, 28.52, -3.16, 38.00, -3.14
865.05, 561.12, 829.47, 565.62, 22.45, 26.29, -3.16, 39.00, -3.14
854.12, 546.72, 817.13, 551.89, 21.83, 25.49, -3.19, 39.00, -2.14
800.98, 588.69, 769.75, 591.56, 19.02, 27.71, -3.16, 38.00, -2.14
747.09, 629.91, 721.53, 630.81, 16.16, 29.89, -3.19, 37.00, -2.14
#736.41, 615.76, 721.53, 630.81, 15.83, 29.83, -1.94, 37.00, -1.14
#789.80, 575.53, 757.41, 577.82, 18.39, 26.95, -3.19, 38.00, -1.14
#842.95, 533.31, 805.07, 537.73, 21.20, 24.73, -3.17, 39.00, -1.14
831.28, 519.90, 792.88, 524.27, 20.56, 23.99, -3.12, 39.00, -0.14
778.88, 560.63, 745.78, 563.80, 17.79, 26.15, -3.15, 38.00, -0.14
725.73, 601.10, 698.12, 602.49, 14.97, 28.28, -3.21, 37.00, -0.14
