#c,lx,ly,rx,x,y,z,b,w
380.50, 890.79, 423.54, 871.10, -0.70, 44.48, -0.75, 33.00, -9.73
440.81, 851.55, 475.33, 836.09, 2.53, 42.39, -0.72, 34.00, -9.73
500.77, 810.09, 526.89, 798.92, 5.74, 40.18, -0.71, 35.00, -9.73
559.88, 768.11, 578.45, 760.07, 8.91, 37.94, -0.65, 36.00, -9.73
618.09, 724.89, 628.80, 720.51, 12.01, 35.62, -0.69, 37.00, -9.73
675.80, 681.29, 679.64, 679.74, 15.10, 33.29, -0.66, 38.00, -9.73
732.86, 636.16, 729.76, 637.30, 18.14, 30.87, -0.68, 39.00, -9.73
789.04, 589.74, 779.87, 593.41, 21.14, 28.40, -0.64, 40.00, -9.73
844.80, 543.31, 829.51, 548.33, 24.11, 25.89, -0.66, 41.00, -9.73
899.46, 495.37, 878.43, 501.81, 27.01, 23.32, -0.67, 42.00, -9.73
953.26, 446.78, 927.59, 454.33, 29.89, 20.73, -0.60, 43.00, -9.73
1006.85, 397.53, 975.30, 405.18, 32.71, 18.05, -0.70, 44.00, -9.73
1059.13, 345.90, 1024.46, 354.58, 35.52, 15.34, -0.53, 45.00, -9.73
1047.42, 333.10, 1010.42, 341.95, 34.82, 14.61, -0.64, 45.00, -8.73
995.35, 383.00, 963.16, 391.08, 32.07, 17.27, -0.62, 44.00, -8.73
941.55, 432.68, 914.73, 440.68, 29.22, 19.96, -0.58, 43.00, -8.73
888.40, 481.49, 866.54, 488.17, 26.39, 22.56, -0.63, 42.00, -8.73
833.51, 528.78, 817.17, 534.26, 23.47, 25.09, -0.65, 41.00, -8.73
778.41, 575.64, 768.51, 579.42, 20.55, 27.61, -0.61, 40.00, -8.73
722.01, 621.63, 717.97, 622.70, 17.53, 30.05, -0.68, 39.00, -8.73
664.95, 666.97, 667.90, 664.58, 14.49, 32.45, -0.66, 38.00, -8.73
607.68, 710.79, 617.84, 706.22, 11.44, 34.82, -0.66, 37.00, -8.73
549.98, 753.96, 567.53, 745.76, 8.35, 37.11, -0.69, 36.00, -8.73
490.97, 795.83, 516.77, 784.37, 5.20, 39.37, -0.67, 35.00, -8.73
430.66, 836.61, 464.36, 820.87, 1.97, 41.51, -0.75, 34.00, -8.73
370.57, 876.53, 413.12, 857.60, -1.24, 43.67, -0.76, 33.00, -8.73
360.37, 862.00, 402.59, 842.39, -1.80, 42.81, -0.74, 33.00, -7.73
420.03, 822.08, 454.06, 807.76, 1.40, 40.74, -0.65, 34.00, -7.73
480.12, 781.51, 504.83, 770.10, 4.60, 38.52, -0.74, 35.00, -7.73
538.26, 739.86, 555.37, 732.19, 7.71, 36.32, -0.68, 36.00, -7.73
595.97, 696.91, 605.90, 693.12, 10.80, 34.06, -0.62, 37.00, -7.73
653.24, 653.08, 655.74, 651.71, 13.85, 31.70, -0.63, 38.00, -7.73
710.08, 608.18, 705.34, 609.36, 16.87, 29.29, -0.67, 39.00, -7.73
766.05, 562.40, 755.17, 566.08, 19.86, 26.86, -0.62, 40.00, -7.73
821.15, 515.76, 804.07, 520.93, 22.78, 24.35, -0.62, 41.00, -7.73
876.03, 468.69, 852.73, 475.54, 25.69, 21.83, -0.68, 42.00, -7.73
929.18, 420.31, 900.93, 427.58, 28.52, 19.24, -0.62, 43.00, -7.73
982.33, 370.85, 948.66, 379.38, 31.33, 16.60, -0.65, 44.00, -7.73
1033.96, 319.43, 996.39, 328.61, 34.08, 13.88, -0.54, 45.00, -7.73
1022.03, 307.29, 982.35, 315.74, 33.38, 13.17, -0.63, 45.00, -6.73
970.62, 357.40, 935.79, 365.58, 30.66, 15.85, -0.64, 44.00, -6.73
917.25, 406.86, 888.30, 414.24, 27.86, 18.50, -0.56, 43.00, -6.73
863.89, 455.02, 840.10, 461.50, 25.02, 21.07, -0.60, 42.00, -6.73
809.87, 502.53, 791.67, 507.36, 22.15, 23.60, -0.64, 41.00, -6.73
755.42, 548.74, 743.71, 552.28, 19.26, 26.09, -0.61, 40.00, -6.73
699.45, 593.86, 694.34, 595.33, 16.29, 28.50, -0.60, 39.00, -6.73
642.61, 638.55, 644.51, 638.14, 13.26, 30.91, -0.61, 38.00, -6.73
585.99, 682.59, 594.44, 678.62, 10.23, 33.22, -0.71, 37.00, -6.73
528.93, 724.89, 544.84, 717.92, 7.19, 35.47, -0.74, 36.00, -6.73
469.71, 766.54, 494.07, 755.59, 4.03, 37.69, -0.71, 35.00, -6.73
410.49, 807.33, 443.30, 792.79, 0.87, 39.86, -0.73, 34.00, -6.73
350.18, 847.68, 392.06, 828.59, -2.35, 42.00, -0.74, 33.00, -6.73
340.20, 832.49, 381.30, 814.31, -2.90, 41.14, -0.79, 33.00, -5.73
399.64, 793.44, 431.84, 779.45, 0.28, 39.07, -0.77, 34.00, -5.73
458.65, 753.09, 482.61, 742.02, 3.43, 36.91, -0.71, 35.00, -5.73
517.22, 711.87, 532.44, 704.12, 6.54, 34.70, -0.77, 36.00, -5.73
574.27, 669.14, 582.51, 665.28, 9.59, 32.46, -0.67, 37.00, -5.73
630.89, 625.97, 631.64, 624.57, 12.60, 30.15, -0.67, 38.00, -5.73
687.52, 581.06, 681.47, 582.69, 15.62, 27.78, -0.64, 39.00, -5.73
743.27, 535.72, 730.37, 539.88, 18.58, 25.36, -0.66, 40.00, -5.73
797.72, 489.51, 778.80, 494.72, 21.47, 22.88, -0.62, 41.00, -5.73
851.52, 442.00, 826.53, 449.33, 24.32, 20.36, -0.63, 42.00, -5.73
904.89, 394.28, 874.26, 401.61, 27.14, 17.78, -0.63, 43.00, -5.73
957.17, 344.82, 921.75, 353.64, 29.92, 15.18, -0.57, 44.00, -5.73
1009.23, 294.70, 969.01, 303.58, 32.68, 12.50, -0.55, 45.00, -5.73
996.87, 281.69, 954.98, 290.47, 31.97, 11.77, -0.59, 45.00, -4.73
945.45, 331.37, 908.65, 340.54, 29.26, 14.44, -0.59, 44.00, -4.73
893.39, 381.04, 861.62, 388.74, 26.50, 17.06, -0.64, 43.00, -4.73
840.24, 428.55, 814.36, 435.76, 23.69, 19.61, -0.61, 42.00, -4.73
786.87, 475.63, 766.64, 481.15, 20.85, 22.10, -0.66, 41.00, -4.73
732.20, 521.84, 718.67, 525.14, 17.96, 24.57, -0.62, 40.00, -4.73
676.89, 567.18, 670.01, 568.66, 15.03, 26.99, -0.64, 39.00, -4.73
620.48, 611.43, 620.64, 610.77, 12.03, 29.35, -0.65, 38.00, -4.73
564.29, 654.60, 571.51, 651.01, 9.03, 31.64, -0.70, 37.00, -4.73
506.81, 696.47, 522.15, 689.61, 5.98, 33.87, -0.67, 36.00, -4.73
448.67, 738.34, 472.08, 727.98, 2.88, 36.09, -0.71, 35.00, -4.73
389.66, 778.69, 421.31, 764.48, -0.27, 38.21, -0.77, 34.00, -4.73
330.44, 818.39, 371.24, 800.28, -3.42, 40.33, -0.78, 33.00, -4.73
319.37, 802.77, 360.24, 785.07, -4.01, 39.46, -0.72, 33.00, -3.73
378.81, 764.59, 409.84, 750.68, -0.86, 37.40, -0.81, 34.00, -3.73
437.60, 724.02, 460.38, 714.41, 2.28, 35.28, -0.74, 35.00, -3.73
495.31, 683.02, 509.98, 676.51, 5.35, 33.10, -0.70, 36.00, -3.73
552.15, 641.15, 559.35, 637.67, 8.38, 30.89, -0.65, 37.00, -3.73
608.55, 597.55, 608.01, 596.96, 11.37, 28.57, -0.66, 38.00, -3.73
664.74, 554.16, 657.38, 555.79, 14.36, 26.26, -0.62, 39.00, -3.73
719.84, 508.60, 705.34, 512.74, 17.27, 23.84, -0.65, 40.00, -3.73
774.51, 463.26, 754.00, 468.75, 20.18, 21.42, -0.60, 41.00, -3.73
827.22, 415.54, 800.79, 423.13, 22.97, 18.90, -0.57, 42.00, -3.73
880.81, 368.03, 848.29, 376.10, 25.80, 16.35, -0.60, 43.00, -3.73
932.65, 319.43, 894.61, 328.38, 28.53, 13.77, -0.61, 44.00, -3.73
984.07, 269.32, 941.17, 278.54, 31.25, 11.10, -0.57, 45.00, -3.73
971.70, 256.52, 927.13, 265.44, 30.54, 10.38, -0.62, 45.00, -2.73
921.37, 305.98, 881.98, 314.81, 27.89, 13.01, -0.63, 44.00, -2.73
868.88, 354.79, 835.19, 362.77, 25.13, 15.61, -0.62, 43.00, -2.73
815.94, 402.30, 788.39, 409.33, 22.34, 18.15, -0.59, 42.00, -2.73
762.58, 448.95, 740.90, 454.95, 19.51, 20.63, -0.63, 41.00, -2.73
708.99, 494.50, 693.41, 498.47, 16.66, 23.04, -0.67, 40.00, -2.73
653.89, 539.63, 645.44, 541.75, 13.75, 25.45, -0.65, 39.00, -2.73
598.14, 583.66, 596.78, 583.39, 10.79, 27.79, -0.68, 38.00, -2.73
542.17, 626.83, 548.12, 623.64, 7.82, 30.07, -0.72, 37.00, -2.73
485.11, 667.84, 499.69, 662.01, 4.80, 32.28, -0.64, 36.00, -2.73
427.41, 709.49, 449.85, 700.14, 1.72, 34.47, -0.72, 35.00, -2.73
368.83, 749.62, 399.78, 736.41, -1.39, 36.58, -0.76, 34.00, -2.73
309.83, 788.45, 349.72, 771.73, -4.54, 38.64, -0.81, 33.00, -2.73
300.06, 774.35, 339.66, 757.46, -5.06, 37.82, -0.80, 33.00, -1.73
358.64, 735.52, 389.49, 722.60, -1.94, 35.79, -0.73, 34.00, -1.73
416.78, 695.17, 438.62, 685.87, 1.14, 33.65, -0.74, 35.00, -1.73
474.27, 654.60, 487.52, 648.67, 4.19, 31.49, -0.75, 36.00, -1.73
530.45, 612.52, 536.18, 609.83, 7.18, 29.28, -0.68, 37.00, -1.73
587.07, 569.78, 584.85, 569.59, 10.18, 27.00, -0.70, 38.00, -1.73
642.39, 526.39, 633.04, 528.65, 13.11, 24.70, -0.68, 39.00, -1.73
696.63, 481.05, 680.77, 485.36, 15.99, 22.30, -0.62, 40.00, -1.73
750.86, 435.50, 728.27, 441.38, 18.86, 19.87, -0.63, 41.00, -1.73
804.01, 389.07, 775.29, 396.69, 21.67, 17.42, -0.62, 42.00, -1.73
856.51, 341.56, 821.62, 349.90, 24.43, 14.88, -0.64, 43.00, -1.73
908.36, 293.40, 867.47, 301.94, 27.15, 12.30, -0.68, 44.00, -1.73
959.34, 243.07, 913.33, 252.81, 29.84, 9.65, -0.65, 45.00, -1.73
946.54, 230.49, 899.76, 240.41, 29.13, 8.97, -0.61, 45.00, -0.73
895.99, 279.52, 854.61, 288.60, 26.48, 11.56, -0.61, 44.00, -0.73
844.14, 328.11, 808.75, 336.57, 23.75, 14.15, -0.58, 43.00, -0.73
792.08, 375.19, 762.19, 382.66, 21.00, 16.64, -0.64, 42.00, -0.73
739.36, 421.39, 715.40, 428.04, 18.21, 19.09, -0.69, 41.00, -0.73
686.43, 467.39, 668.84, 472.03, 15.41, 21.52, -0.73, 40.00, -0.73
631.11, 511.42, 621.11, 514.61, 12.49, 23.89, -0.67, 39.00, -0.73
575.79, 555.68, 573.15, 556.02, 9.56, 26.22, -0.68, 38.00, -0.73
520.04, 597.98, 524.95, 595.56, 6.61, 28.46, -0.70, 37.00, -0.73
463.85, 639.42, 476.76, 634.16, 3.63, 30.66, -0.72, 36.00, -0.73
406.36, 680.64, 427.86, 672.07, 0.58, 32.84, -0.73, 35.00, -0.73
348.22, 720.12, 378.49, 708.10, -2.51, 34.93, -0.75, 34.00, -0.73
289.65, 759.17, 329.13, 743.42, -5.62, 36.99, -0.78, 33.00, -0.73